
s.sfc =  23.4013111011
s.perm = 23.4013111011
