
s.sfc = 23.4013111013
s.perm = 23.4018111011
